A = [8,1,2,4,10,13,14,19,20,11,7,18;14,15,10,17,11,9,3,20,21,16,6,7]
